1110101110001010000010100011000100001010101011110001011100010001100100010110011111011010001011010100010100000011010100100111001011010111100000100110100011011011111010110100111000011011100000100011010001101001111010000100110010010001001110100110101000101010
0001111010100000010110101011111010100011000010110011101110001010010001110100001101000010111110001111011010110011110011000010110011001000001111000010100111100100100111110111110110000000110011000111011111010111000001111100001100110001010101111100100011101110
0111011110000101011000001101110011001010101001000111111111100101110101001111000011111001111101100110000011101111101010000110001000011010010111110010011100000010101101110011011000011001000100000010110010000111010011001011111010110100011001011110110111000101
1100011011011000101010011111011010011000000100101101001111001010110101000100000111001000110011110100000010001010111101000101101100001101111000001001010011011010100010011110000001110101000101100000101010001111101010100001010101100111010001101110110001101111
1100110111011110000111101001011110101101011010001111111101000101101111111001100010101110110111010100011000011011001010100101111101111001011011101110111010101000011001100011000001001001010110001110101011101101101100100001010011110010000011100010011010010000
1000100101010101100011001010010101000010001100010011001111011011011001111010010111100101001011111101010010110111101010010001100100000001010001101111101110110011101111001110100100011110011000000101111001110111001000111111010011011001000101100100000001110100
1001101010101001011111110100101010001111000111001010111101100111010011111111111110101101110110101110000100101110001001111011000101111101011101111111010000111010000100010011101111000000000111110110010001010010011010100110101001010000110010100100000001010101
1011111101111101111110110110111101011101010001100010000100010011110010001001011101010000001101011111101001000000000011001111111110101100110001110011100110001001011111011111000010100010111111101001101111010010111011100110100101101010011010010000010110001010
0111001101010010111111111100111000001010011000101010100010101101101111011101011110111111100010100111001101100101010001001001001110111110110000100011000011111001001101111110011000010111000111001110011110100100111100000101101001101101000111011001101000100101
0000011110110011101010110010000010101110111101001010011001111000001000100001111001110000011100011011101000011101010101101100010011100011010001100100001101100101100000000011111111010100010101010111011010100111110010011001001100000001000100100000001001001001
